100 004000
101 004080
102 004100
103 004180
104 004200
105 004280
106 004300
107 004380
108 004400
109 004480
110 004500
111 004580
112 004600
113 004680
114 004700
115 004780
116 004800
117 004880
118 004900
119 004980
120 004A00
121 004A80
122 004B00
123 004B80
124 004C00
125 004C80
126 004D00
32 004D80
33 004E00
34 004E80
35 004F00
36 004F80
37 005000
38 005080
39 005100
40 005180
41 005200
42 005280
43 005300
44 005380
45 005400
46 005480
47 005500
48 005580
49 005600
50 005680
51 005700
52 005780
53 005800
54 005880
55 005900
56 005980
57 005A00
58 005A80
59 005B00
60 005B80
61 005C00
62 005C80
63 005D00
64 005D80
65 005E00
66 005E80
67 005F00
68 005F80
69 006000
70 006080
71 006100
72 006180
73 006200
74 006280
75 006300
76 006380
77 006400
78 006480
79 006500
80 006580
81 006600
82 006680
83 006700
84 006780
85 006800
86 006880
87 006900
88 006980
89 006A00
90 006A80
91 006B00
92 006B80
93 006C00
94 006C80
95 006D00
97 006D80
98 006E00
99 006E80
